0 2
6
8
0 1 4
0 2 1
0 3 5
1 2 3
1 4 3
2 4 4
3 5 6
4 5 3


0 2
3
2
0 1 1
1 2 1

0 5
6
9
0 1 1
0 2 12
1 2 9
1 3 3
2 4 5
3 2 4
3 4 13
3 5 15
4 5 4


0 5
9
16
0 1 2
0 3 9
0 4 6
1 2 1
1 4 3
2 4 1
2 8 6
3 4 2
3 6 4
4 5 9
4 6 7
5 6 1
5 7 1
5 8 5
6 7 5
7 8 5

0 4
7
8
0 1 1
0 2 2
0 3 3 
1 5 6
2 6 3
3 4 7
4 5 2
4 6 4

0 3
4
5
0 1 1
0 2 1
1 2 2
1 3 3
2 3 3

0 4
9
14
0 1 2
0 2 1
0 3 99
1 5 1
1 2 1
2 3 20
2 5 1
2 6 3
3 4 5
3 6 7
5 7 1
5 8 11
6 7 4
7 8 5

0 5
5
0 4
1 4
2 4
3 4
5 4
6
0 1 1
0 2 2
0 3 3
1 5 3
2 5 2
3 5 1

0 6
5
5 4
3 4
0 4
1 4
6 4
6
0 1 1
0 3 2
0 5 7
1 6 3
3 6 2
5 6 1

6 4
5
6 4
2 4
3 5
4 1
1 2
6
6 1 1
6 2 2
6 3 3
1 4 1
2 4 2
3 4 3
